名前	色	コスト	HP	攻撃	攻魔	攻撃＋攻魔	守備	呪守	回魔	器用
はじまりのメモリ	y	5	7	4	3	7	4	4	2	2
スライム	y	7	8	4	2	6	5	3	1	2
リリパット	b	10	8	7	4	11	5	4	4	6
おおきづち	r	11	10	7	5	12	6	5	4	6
ライムスライム	p	40	45	17	52	69	25	51	29	24
ホイミスライム	g	14	12	6	6	12	7	10	12	5
ドラキーマ	y	30	38	30	14	44	21	18	8	11
ドラキー	p	15	9	4	11	15	5	11	6	5
みならいあくま	g	17	13	8	8	16	7	9	10	5
ストーンマン	r	19	18	16	8	24	10	8	7	10
ゴーレム	y	20	39	19	8	27	22	15	5	9
ゴースト	y	23	25	14	10	24	14	12	7	7
タホドラキー	g	22	14	12	16	28	8	9	10	6
さまようたましい	p	24	19	9	15	24	11	15	20	9
バブルスライム	b	25	24	15	12	27	14	12	11	13
がいこつ	b	21	20	13	10	23	12	11	10	11
マドハンド	y	26	25	14	10	24	14	12	7	7
どくやずきん	p	27	19	10	16	26	11	15	12	10
ミニデーモン	r	50	77	65	31	96	43	35	28	42
ブラウニー	r	29	29	19	13	32	16	14	11	16
ベビーマジシャン	g	30	38	22	24	46	21	27	28	15
スライムベス	b	33	28	18	14	32	16	14	13	15
メラゴースト	r	34	38	18	11	29	21	11	8	14
おおさそり	y	35	46	22	9	31	26	17	6	11
ミイラおとこ	p	37	30	16	25	41	17	23	18	15
アローインプ	g	36	25	13	14	27	14	23	27	10
ベホイムスライム	p	50	43	17	50	67	24	49	28	23
デザートゴースト	g	38	23	26	20	46	13	15	16	9
フレイム	r	39	37	32	15	47	21	17	14	20
マミー	b	60	88	77	38	115	49	43	39	57
ひくいどり	b	40	80	42	15	57	45	20	12	29
キメラ	p	51	28	15	23	38	15	22	17	14
ほのおのせんし	b	82	120	104	51	155	67	59	54	78
アイスゴーレム	g	80	83	48	52	100	46	60	62	32
じごくのつかい	g	63	44	38	50	88	24	28	31	17
あくましんかん	r	86	136	90	62	152	76	68	51	73
スライムナイト	y	40	65	31	12	43	36	24	8	15
戦士のメモリ	y	10	13	7	3	10	8	5	2	3
武闘家のメモリ	r	10	10	8	4	12	6	5	4	6
魔法使いのメモリ	p	10	7	3	8	11	4	8	5	4
僧侶のメモリ	g	10	8	4	5	9	5	7	9	3
盗賊のメモリ	b	10	9	8	4	12	5	5	4	6
ゴーレム軍	r	50	95	45	26	71	53	27	20	33
スマイルロック	b	40	45	39	19	58	25	22	20	29
プロトキラー	y	84	177	85	33	118	99	66	22	40
おばけキノコ	p	44	30	14	24	38	17	24	31	14
メトロゴースト	r	48	41	27	19	46	23	21	16	22
ひとつめピエロ	y	60	98	47	18	65	54	36	12	22
ビッグスロース	y	43	38	31	14	45	22	18	8	11
オーク	b	46	54	29	10	39	30	13	9	20
じんめんじゅ	g	47	33	37	29	66	18	21	23	13
メーダ	b	49	39	34	17	51	22	19	18	25
ビッグハンマー	g	70	78	89	69	158	44	51	55	30
ぼうれい剣士	p	50	57	27	47	74	32	45	60	27
ゴールドオーク	y	49	50	40	18	58	28	23	10	14
プチアーノン	b	54	45	28	22	50	25	23	21	24
てつのさそり	p	58	39	19	32	51	22	31	41	19
しびれくらげ	y	55	52	29	20	49	29	25	14	15
亡者のひとだま	g	70	73	42	46	88	41	53	55	28
ぐんたいガニ	r	52	58	28	16	44	32	17	12	21
マーマン	r	57	72	35	20	55	40	21	15	26
レモンスライム	b	80	124	77	60	137	69	63	58	65
エビルホーク	g	60	75	44	47	91	42	54	56	29
ドラゴン	y	61	83	46	31	77	46	39	22	23
さまようよろい	b	62	56	49	24	73	31	28	25	36
あくまのきし軍	p	81	84	32	98	130	47	95	54	44
ヘルゴースト	g	32	24	14	15	29	13	17	18	9
あくまのきし	g	64	55	48	63	111	31	36	39	21
りゅうおう	p	90	116	62	97	159	65	91	71	59
りゅうおう軍	b	84	120	75	58	133	67	61	56	63
キラーマシン	y	89	146	116	53	169	81	67	29	41
たけやりへい	g	62	54	61	47	108	30	35	38	21
キラーマシン軍	r	66	97	64	44	108	54	48	36	52
スカイドラゴン	r	87	179	85	49	134	99	51	37	63
リザードマン	p	90	86	41	70	111	48	68	90	41
スカイドラゴン軍	b	70	95	82	40	122	53	47	42	61
ガーゴイル	y	63	64	51	23	74	36	29	13	18
レッドアーチャー	r	75	119	57	32	89	66	34	25	42
ムーンキメラ	y	85	150	83	56	139	83	70	39	42
サタンメイル	p	65	78	41	65	106	43	61	47	39
ストーンビースト	r	62	51	44	21	65	29	23	19	28
ぶちスライム	p	42	46	26	40	66	25	30	35	23
ブラディーポ	y	70	93	72	33	105	50	42	19	26
レック	y	42	84	40	16	56	47	31	11	19
パラディン【緑】	g	15	10	10	10	20	12	10	10	10
パラディン【黄】	y	15	10	10	10	20	12	10	10	10
ムドー軍	g	82	148	31	93	124	64	78	44	39
バーバラ	p	37	44	24	48	72	25	33	34	22
きりさきピエロ	g	71	87	72	32	104	49	44	67	37
ムドー	p	95	127	71	94	165	68	84	98	64
賢者【緑】	g	15	10	10	12	22	10	10	10	10
賢者【紫】	p	15	10	10	12	22	10	10	10	10
デュラン	r	100	122	105	50	155	66	58	44	67
大魔王デスタムーア	b	94	152	100	74	174	84	81	70	83
老王デスタムーア	g	91	133	111	49	160	75	67	102	56
レンジャー【赤】	r	15	10	12	10	22	10	10	10	10
レンジャー【青】	b	15	10	10	10	20	10	10	10	12